id,name
1,A駅
2,B駅
3,C駅